<div id="readme" class="md" data-path="README.md"><article class="markdown-body entry-content" itemprop="text"><h1><a id="user-content-bfloat16s" class="anchor" aria-hidden="true" href="#bfloat16s"><svg class="octicon octicon-link" viewBox="0 0 16 16" version="1.1" width="16" height="16" aria-hidden="true"><path fill-rule="evenodd" d="M4 9h1v1H4c-1.5 0-3-1.69-3-3.5S2.55 3 4 3h4c1.45 0 3 1.69 3 3.5 0 1.41-.91 2.72-2 3.25V8.59c.58-.45 1-1.27 1-2.09C10 5.22 8.98 4 8 4H4c-.98 0-2 1.22-2 2.5S3 9 4 9zm9-3h-1v1h1c1 0 2 1.22 2 2.5S13.98 12 13 12H9c-.98 0-2-1.22-2-2.5 0-.83.42-1.64 1-2.09V6.25c-1.09.53-2 1.84-2 3.25C6 11.31 7.55 13 9 13h4c1.45 0 3-1.69 3-3.5S14.5 6 13 6z"></path></svg></a>BFloat16s</h1>
<p>This package defines the <a href="https://en.wikipedia.org/wiki/Bfloat16_floating-point_format" rel="nofollow">BFloat16 data type</a>.
The only currently available hardware implementation of this datatype are
Google's <a href="https://en.wikipedia.org/wiki/Tensor_processing_unit" rel="nofollow">Cloud TPUs</a>.
As such, this package is suitable to evaluate whether using TPUs would cause
precision problems for any particular algorithm, even without access to TPU
hardware. Note that this package is designed for functionality, not performance,
so this package should be used for precision experiments only, not performance
experiments.</p>
<h1><a id="user-content-usage" class="anchor" aria-hidden="true" href="#usage"><svg class="octicon octicon-link" viewBox="0 0 16 16" version="1.1" width="16" height="16" aria-hidden="true"><path fill-rule="evenodd" d="M4 9h1v1H4c-1.5 0-3-1.69-3-3.5S2.55 3 4 3h4c1.45 0 3 1.69 3 3.5 0 1.41-.91 2.72-2 3.25V8.59c.58-.45 1-1.27 1-2.09C10 5.22 8.98 4 8 4H4c-.98 0-2 1.22-2 2.5S3 9 4 9zm9-3h-1v1h1c1 0 2 1.22 2 2.5S13.98 12 13 12H9c-.98 0-2-1.22-2-2.5 0-.83.42-1.64 1-2.09V6.25c-1.09.53-2 1.84-2 3.25C6 11.31 7.55 13 9 13h4c1.45 0 3-1.69 3-3.5S14.5 6 13 6z"></path></svg></a>Usage</h1>
<p>This package exports the BFloat16 data type. This datatype should behave
just like any builtin floating point type (e.g. you can construct it from
other floating point types - e.g. <code>BFloat16(1.0)</code>). In addition, this package
provides the <code>LowPrecArray</code> type. This array is supposed to emulate the kind
of matmul operation that TPUs do well (BFloat16 multiply with Float32
accumulate). Broadcasts and scalar operations are peformed in Float32 (as
they would be on a TPU) while matrix multiplies are performed in BFloat16 with
Float32 accumulates, e.g.</p>
<pre><code>julia&gt; A = LowPrecArray(rand(Float32, 5, 5))
5×5 LowPrecArray{2,Array{Float32,2}}:
 0.252818  0.619702   0.553199  0.75225   0.30819
 0.166347  0.976339   0.399945  0.589101  0.526253
 0.350232  0.0447034  0.490874  0.525144  0.841436
 0.903734  0.879541   0.706704  0.304369  0.951702
 0.308417  0.645731   0.65906   0.636451  0.765263

julia&gt; A^2
5×5 LowPrecArray{2,Array{Float32,2}}:
 1.13603   1.64932  1.39712  1.27283  1.82597
 1.03891   1.93298  1.44455  1.42625  1.86842
 0.998384  1.28403  1.37666  1.24076  1.68507
 1.18951   2.33245  2.04367  2.26849  2.35588
 1.22636   1.90367  1.70848  1.63986  2.1826

julia&gt; A.storage^2
5×5 Array{Float32,2}:
 1.13564  1.64708  1.39399  1.27087  1.82128
 1.03924  1.93216  1.44198  1.42456  1.86497
 1.00201  1.28786  1.37826  1.24295  1.6882
 1.19089  2.33262  2.04094  2.26745  2.354
 1.22742  1.90498  1.70653  1.63928  2.18076

julia&gt; Float64.(A.storage)^2
5×5 Array{Float64,2}:
 1.13564  1.64708  1.39399  1.27087  1.82128
 1.03924  1.93216  1.44198  1.42456  1.86497
 1.00201  1.28786  1.37826  1.24295  1.6882
 1.19089  2.33262  2.04094  2.26745  2.354
 1.22742  1.90498  1.70653  1.63928  2.18076
</code></pre>
<p>Note that the low precision result differs from (is less precise than) the
result computed in Float32 arithmetic (which matches the result in Float64
precision).</p>
</article></div>