<div id="readme" class="md" data-path="README.md"><article class="markdown-body entry-content container-lg" itemprop="text"><h2 dir="auto"><a id="user-content-bfloat16s" class="anchor" aria-hidden="true" href="#bfloat16s"><svg class="octicon octicon-link" viewBox="0 0 16 16" version="1.1" width="16" height="16" aria-hidden="true"><path d="m7.775 3.275 1.25-1.25a3.5 3.5 0 1 1 4.95 4.95l-2.5 2.5a3.5 3.5 0 0 1-4.95 0 .751.751 0 0 1 .018-1.042.751.751 0 0 1 1.042-.018 1.998 1.998 0 0 0 2.83 0l2.5-2.5a2.002 2.002 0 0 0-2.83-2.83l-1.25 1.25a.751.751 0 0 1-1.042-.018.751.751 0 0 1-.018-1.042Zm-4.69 9.64a1.998 1.998 0 0 0 2.83 0l1.25-1.25a.751.751 0 0 1 1.042.018.751.751 0 0 1 .018 1.042l-1.25 1.25a3.5 3.5 0 1 1-4.95-4.95l2.5-2.5a3.5 3.5 0 0 1 4.95 0 .751.751 0 0 1-.018 1.042.751.751 0 0 1-1.042.018 1.998 1.998 0 0 0-2.83 0l-2.5 2.5a1.998 1.998 0 0 0 0 2.83Z"></path></svg></a>BFloat16s</h2>
<hr>
<p dir="auto"><a href="https://github.com/JuliaMath/BFloat16s.jl/stable/"><img src="https://camo.githubusercontent.com/c97f0a5f2ae95755f64a27f1aa8d9a17462941fd3d6c907c7630abd5d3e60acf/68747470733a2f2f696d672e736869656c64732e696f2f62616467652f646f63732d737461626c652d626c75652e737667" alt="Docs" data-canonical-src="https://img.shields.io/badge/docs-stable-blue.svg" style="max-width: 100%;"></a>  <a href="https://github.com/JuliaMath/BFloat16s.jl/dev/"><img src="https://camo.githubusercontent.com/7fcec4b2d3ab291529fce8ef6a4fcd4129a0683b2f5d5fe2f5c648f02db8b616/68747470733a2f2f696d672e736869656c64732e696f2f62616467652f646f63732d6465762d626c75652e737667" alt="Docs" data-canonical-src="https://img.shields.io/badge/docs-dev-blue.svg" style="max-width: 100%;"></a> <a href="http://opensource.org/licenses/MIT" rel="nofollow"><img src="https://camo.githubusercontent.com/9f6b5dca9fd95975898fb95c2cc5b995351004a6c4443ccb13e1916a97bb122a/687474703a2f2f696d672e736869656c64732e696f2f62616467652f6c6963656e73652d4d49542d627269676874677265656e2e737667" alt="MIT license" data-canonical-src="http://img.shields.io/badge/license-MIT-brightgreen.svg" style="max-width: 100%;"></a></p>
<hr>
<p dir="auto">This package defines the <a href="https://en.wikipedia.org/wiki/Bfloat16_floating-point_format" rel="nofollow">BFloat16 data type</a>.</p>
<p dir="auto">Hardware implementation of this datatype is available in Google's
<a href="https://en.wikipedia.org/wiki/Tensor_processing_unit" rel="nofollow">Cloud TPUs</a> as well as
in a growing number of CPUs, GPUs, and more specialized processors. See the
<a href="https://en.wikipedia.org/wiki/Bfloat16_floating-point_format" rel="nofollow">wikipedia entry</a>
for more information.</p>
<p dir="auto">This package is suitable to evaluate whether using BFloat16 would cause
precision problems for any particular algorithm, even without access to supporting
hardware. Note that this package is designed for functionality, not performance,
so this package should be used for precision experiments only, not performance
experiments.</p>
<h1 dir="auto"><a id="user-content-usage" class="anchor" aria-hidden="true" href="#usage"><svg class="octicon octicon-link" viewBox="0 0 16 16" version="1.1" width="16" height="16" aria-hidden="true"><path d="m7.775 3.275 1.25-1.25a3.5 3.5 0 1 1 4.95 4.95l-2.5 2.5a3.5 3.5 0 0 1-4.95 0 .751.751 0 0 1 .018-1.042.751.751 0 0 1 1.042-.018 1.998 1.998 0 0 0 2.83 0l2.5-2.5a2.002 2.002 0 0 0-2.83-2.83l-1.25 1.25a.751.751 0 0 1-1.042-.018.751.751 0 0 1-.018-1.042Zm-4.69 9.64a1.998 1.998 0 0 0 2.83 0l1.25-1.25a.751.751 0 0 1 1.042.018.751.751 0 0 1 .018 1.042l-1.25 1.25a3.5 3.5 0 1 1-4.95-4.95l2.5-2.5a3.5 3.5 0 0 1 4.95 0 .751.751 0 0 1-.018 1.042.751.751 0 0 1-1.042.018 1.998 1.998 0 0 0-2.83 0l-2.5 2.5a1.998 1.998 0 0 0 0 2.83Z"></path></svg></a>Usage</h1>
<p dir="auto">This package exports the BFloat16 data type. This datatype should behave
just like any builtin floating point type (e.g. you can construct it from
other floating point types - e.g. <code>BFloat16(1.0)</code>). In addition, this package
provides the <code>LowPrecArray</code> type. This array is supposed to emulate the kind
of matmul operation that TPUs do well (BFloat16 multiply with Float32
accumulate). Broadcasts and scalar operations are peformed in Float32 (as
they would be on a TPU) while matrix multiplies are performed in BFloat16 with
Float32 accumulates, e.g.</p>
<div class="snippet-clipboard-content notranslate position-relative overflow-auto" data-snippet-clipboard-copy-content="julia&gt; A = LowPrecArray(rand(Float32, 5, 5))
5×5 LowPrecArray{2,Array{Float32,2}}:
 0.252818  0.619702   0.553199  0.75225   0.30819
 0.166347  0.976339   0.399945  0.589101  0.526253
 0.350232  0.0447034  0.490874  0.525144  0.841436
 0.903734  0.879541   0.706704  0.304369  0.951702
 0.308417  0.645731   0.65906   0.636451  0.765263

julia&gt; A^2
5×5 LowPrecArray{2,Array{Float32,2}}:
 1.13603   1.64932  1.39712  1.27283  1.82597
 1.03891   1.93298  1.44455  1.42625  1.86842
 0.998384  1.28403  1.37666  1.24076  1.68507
 1.18951   2.33245  2.04367  2.26849  2.35588
 1.22636   1.90367  1.70848  1.63986  2.1826

julia&gt; A.storage^2
5×5 Array{Float32,2}:
 1.13564  1.64708  1.39399  1.27087  1.82128
 1.03924  1.93216  1.44198  1.42456  1.86497
 1.00201  1.28786  1.37826  1.24295  1.6882
 1.19089  2.33262  2.04094  2.26745  2.354
 1.22742  1.90498  1.70653  1.63928  2.18076

julia&gt; Float64.(A.storage)^2
5×5 Array{Float64,2}:
 1.13564  1.64708  1.39399  1.27087  1.82128
 1.03924  1.93216  1.44198  1.42456  1.86497
 1.00201  1.28786  1.37826  1.24295  1.6882
 1.19089  2.33262  2.04094  2.26745  2.354
 1.22742  1.90498  1.70653  1.63928  2.18076"><pre class="notranslate"><code>julia&gt; A = LowPrecArray(rand(Float32, 5, 5))
5×5 LowPrecArray{2,Array{Float32,2}}:
 0.252818  0.619702   0.553199  0.75225   0.30819
 0.166347  0.976339   0.399945  0.589101  0.526253
 0.350232  0.0447034  0.490874  0.525144  0.841436
 0.903734  0.879541   0.706704  0.304369  0.951702
 0.308417  0.645731   0.65906   0.636451  0.765263

julia&gt; A^2
5×5 LowPrecArray{2,Array{Float32,2}}:
 1.13603   1.64932  1.39712  1.27283  1.82597
 1.03891   1.93298  1.44455  1.42625  1.86842
 0.998384  1.28403  1.37666  1.24076  1.68507
 1.18951   2.33245  2.04367  2.26849  2.35588
 1.22636   1.90367  1.70848  1.63986  2.1826

julia&gt; A.storage^2
5×5 Array{Float32,2}:
 1.13564  1.64708  1.39399  1.27087  1.82128
 1.03924  1.93216  1.44198  1.42456  1.86497
 1.00201  1.28786  1.37826  1.24295  1.6882
 1.19089  2.33262  2.04094  2.26745  2.354
 1.22742  1.90498  1.70653  1.63928  2.18076

julia&gt; Float64.(A.storage)^2
5×5 Array{Float64,2}:
 1.13564  1.64708  1.39399  1.27087  1.82128
 1.03924  1.93216  1.44198  1.42456  1.86497
 1.00201  1.28786  1.37826  1.24295  1.6882
 1.19089  2.33262  2.04094  2.26745  2.354
 1.22742  1.90498  1.70653  1.63928  2.18076
</code></pre></div>
<p dir="auto">Note that the low precision result differs from (is less precise than) the
result computed in Float32 arithmetic (which matches the result in Float64
precision).</p>
</article></div>